TextID:	5c9ef00b96898e24c65d1e11acbd9d8f
Zeichenzahl:	23

--------------------------------------------------
t	7.16		10.7		
tpm	192.7		128.93		
fehler	0.0		0.0		
gesamtf	0		0		

--------------------------------------------------
E	0	0	0	0	0	0	0	0	
r	380	0	285	0	353	0	452	0	
 	522	0	263	0	474	0	
h	271	0	695	0	936	0	
ö	555	0	405	0	484	0	
r	502	0	550	0	608	0	
t	201	0	247	0	251	0	
e	100	0	99	0	102	0	
 	187	0	472	0	
l	385	0	734	0	
e	463	0	482	0	
i	357	0	1024	0	
s	368	0	591	0	
e	111	0	110	0	
 	215	0	670	0	
S	471	0	742	0	
c	331	0	293	0	
h	488	0	613	0	
r	344	0	516	0	
i	314	0	363	0	
t	413	0	439	0	
t	187	0	208	0	
e	91	0	139	0	
