TextID:	5c9ef00b96898e24c65d1e11acbd9d8f
Gesamtzeit:	3.49 Sekunden
Zeichenzahl:	23
TpM:	395.44
Fehlerquote:	0.0%
Gesamtfehler:	0

--------------------------------------------------
E	0	0	0	0	0	0	
r	364	0	249	0	244	0	
 	246	0	258	1	204	0	
h	498	0	570	0	105	0	
ö	312	0	279	0	304	0	
r	95	0	136	0	146	0	
t	186	0	185	0	180	0	
e	70	0	91	0	78	0	
 	61	0	70	0	58	0	
l	92	0	216	0	168	0	
e	112	0	122	0	120	0	
i	130	0	127	0	121	0	
s	91	0	99	0	108	0	
e	366	0	74	0	250	0	
 	164	0	100	0	125	0	
S	227	0	260	0	285	0	
c	208	0	192	0	214	0	
h	69	0	115	0	108	0	
r	191	0	134	0	169	0	
i	44	0	116	0	87	0	
t	238	0	133	0	135	0	
t	175	0	169	0	189	0	
e	88	0	86	0	93	0	
