TextID:	8cf4db6f136d5a6f1b87441dd012a71e
Zeichenzahl:	159

--------------------------------------------------
t	7.08		7.0		
tpm	1347.05		1362.72		
fehler	6.47		7.02		
gesamtf	11		12		

--------------------------------------------------
A	0	0	0	0	0	0	
A	302	0	499	0	499	0	
A	500	0	33	0	34	0	
A	33	0	33	0	34	0	
A	32	0	33	0	31	0	
A	33	0	34	0	34	0	
A	33	0	34	0	33	0	
A	33	0	31	0	32	0	
A	34	0	33	0	35	0	
A	32	0	33	0	31	0	
A	33	0	33	0	33	0	
A	33	0	32	0	33	0	
A	34	0	33	0	34	0	
A	32	0	33	0	33	0	
A	34	0	34	0	33	0	
A	32	0	32	0	31	0	
A	33	0	32	0	33	0	
A	33	0	34	0	33	0	
A	34	0	32	0	34	0	
A	32	0	34	0	32	0	
A	33	0	33	0	33	0	
A	35	0	33	0	
A	33	0	33	0	
A	32	0	34	0	
A	33	0	32	0	
A	33	0	34	0	
A	34	0	34	0	
A	32	0	31	0	
A	34	0	34	0	
A	33	0	34	0	
A	34	0	33	0	
A	32	0	32	0	
A	33	0	34	0	
A	33	0	33	0	
A	34	0	32	0	
A	32	0	32	0	
A	33	0	33	0	
A	33	0	34	0	
A	34	0	32	0	
A	33	0	33	0	
A	32	0	33	0	
A	33	0	33	0	
A	33	0	34	0	
A	34	0	34	0	
A	32	0	31	0	
A	34	0	33	0	
A	32	0	34	0	
A	33	0	33	0	
A	34	0	33	0	
A	32	0	32	0	
A	34	0	34	0	
A	31	0	32	0	
A	34	0	34	0	
A	51	0	69	0	
A	15	0	29	0	
A	34	0	33	0	
A	31	0	33	0	
A	33	0	34	0	
A	34	0	33	0	
A	33	0	32	0	
A	32	0	34	0	
A	34	0	32	0	
A	33	0	34	0	
A	33	0	32	0	
A	32	0	33	0	
A	33	0	33	0	
A	35	0	33	0	
A	32	0	33	0	
A	34	0	33	0	
B	692	11	848	12	
B	498	0	499	0	
B	45	0	33	0	
B	21	0	33	0	
B	33	0	33	0	
B	33	0	34	0	
B	33	0	32	0	
B	33	0	34	0	
B	32	0	33	0	
B	34	0	33	0	
B	32	0	33	0	
B	33	0	33	0	
B	34	0	33	0	
B	32	0	34	0	
B	33	0	32	0	
B	33	0	33	0	
B	34	0	34	0	
B	33	0	32	0	
B	32	0	34	0	
B	34	0	33	0	
B	32	0	33	0	
B	34	0	32	0	
B	32	0	33	0	
B	33	0	33	0	
B	33	0	33	0	
B	34	0	33	0	
B	33	0	33	0	
B	34	0	32	0	
B	32	0	34	0	
B	33	0	35	0	
B	33	0	31	0	
B	34	0	32	0	
B	32	0	34	0	
B	33	0	32	0	
B	33	0	33	0	
B	33	0	35	0	
B	34	0	31	0	
B	33	0	33	0	
B	33	0	34	0	
B	33	0	32	0	
B	33	0	34	0	
B	32	0	32	0	
B	33	0	33	0	
B	33	0	33	0	
B	34	0	33	0	
B	32	0	33	0	
B	34	0	33	0	
B	33	0	32	0	
B	32	0	34	0	
B	33	0	32	0	
B	33	0	34	0	
B	33	0	32	0	
B	33	0	33	0	
B	34	0	33	0	
B	33	0	32	0	
B	34	0	33	0	
B	32	0	34	0	
B	33	0	33	0	
B	33	0	33	0	
B	33	0	33	0	
B	33	0	32	0	
B	33	0	33	0	
B	33	0	34	0	
B	33	0	32	0	
B	33	0	33	0	
B	33	0	33	0	
B	34	0	34	0	
B	33	0	32	0	
B	32	0	36	0	
B	33	0	30	0	
B	33	0	34	0	
B	33	0	32	0	
B	34	0	33	0	
B	32	0	32	0	
B	33	0	33	0	
B	33	0	33	0	
B	34	0	33	0	
B	33	0	34	0	
B	33	0	32	0	
B	33	0	32	0	
B	33	0	34	0	
B	33	0	32	0	
B	33	0	33	0	
B	33	0	33	0	
B	34	0	34	0	
B	33	0	32	0	
B	32	0	34	0	
B	34	0	33	0	
B	33	0	32	0	
B	33	0	33	0	
